48500 97
46075 96
43771.2 96
41582.7 86
39503.6 92
37528.4 99
35652 89
33869.4 108
32175.9 85
30567.1 91
29038.7 78
27586.8 96
26207.5 79
24897.1 86
23652.2 97
22469.6 108
21346.1 90
20278.8 92
19264.9 88
18301.6 96
17386.6 87
16517.2 95
15691.4 92
14906.8 84
14161.5 94
13453.4 83
12780.7 102
12141.7 93
11534.6 92
10957.9 101
10410 85
9889.48 86
9395.01 94
8925.26 91
8478.99 105
8055.04 86
7652.29 90
7269.68 89
6906.19 94
6560.88 101
6232.84 97
5921.2 101
5625.14 96
5343.88 96
5076.69 96
4822.85 84
4581.71 93
4352.62 78
4134.99 102
3928.24 102
3731.83 100
3545.24 78
3367.98 91
3199.58 94
3039.6 80
2887.62 82
2743.24 93
2606.08 92
2475.77 81
2351.98 95
2234.39 82
2122.67 86
2016.53 92
1915.71 98
1819.92 83
1728.92 92
1642.48 83
1560.35 93
1482.34 90
1408.22 66
1337.81 80
1270.92 98
1207.37 84
1147 97
1089.65 83
1035.17 97
983.413 98
934.242 90
887.53 90
843.153 101
800.996 90
760.946 101
722.899 78
686.754 81
652.416 88
619.795 96
588.805 85
559.365 86
531.397 71
504.827 90
479.586 82
455.606 93
432.826 85
411.185 101
390.626 98
371.094 81
352.54 84
334.913 87
318.167 82
302.259 98
287.146 92
272.788 94
259.149 99
246.192 104
233.882 86
222.188 91
211.078 89
200.525 81
190.498 86
180.973 82
171.925 90
163.328 97
155.162 89
147.404 105
140.034 102
133.032 86
126.38 103
120.061 90
114.058 83
108.355 103
102.938 88
97.7908 87
92.9013 111
88.2562 103
83.8434 89
79.6512 87
75.6687 91
71.8852 92
68.291 93
64.8764 96
61.6326 101
58.551 80
55.6234 94
52.8422 87
50.2001 93
47.6901 80
45.3056 93
43.0403 89
40.8883 104
38.8439 82
36.9017 82
35.0566 92
33.3038 98
31.6386 86
30.0567 109
28.5538 100
27.1261 79
25.7698 92
24.4813 95
23.2573 98
22.0944 75
20.9897 88
19.9402 87
18.9432 86
17.996 78
17.0962 91
16.2414 75
15.4294 102
14.6579 98
13.925 85
13.2287 82
12.5673 77
11.9389 92
11.342 87
10.7749 83
10.2361 92
9.72434 83
9.23812 79
8.77622 92
8.33741 63
7.92054 88
7.52451 77
7.14828 80
6.79087 77
6.45133 91
6.12876 92
5.82232 79
5.53121 81
5.25465 75
4.99191 86
4.74232 100
4.5052 81
4.27994 69
4.06595 71
3.86265 80
3.66952 78
3.48604 68
3.31174 71
3.14615 80
2.98884 68
2.8394 60
2.69743 84
2.56256 61
2.43443 60
2.31271 67
2.19707 63
2.08722 70
1.98286 68
1.88372 65
1.78953 57
1.70005 61
1.61505 68
1.5343 60
1.45758 62
1.3847 61
1.31547 52
1.2497 63
1.18721 51
1.12785 65
1.07146 57
1.01789 54
0.966991 52
0.918641 56
0.872709 53
0.829074 53
0.78762 54
0.748239 49
0.710827 48
0.675286 43
0.641522 42
0.609446 42
0.578973 45
0.550025 44
0.522523 46
0.496397 42
0.471577 45
0.447998 43
0.425599 39
0.404319 40
0.384103 39
0.364898 40
0.346653 40
0.32932 38
0.312854 38
0.297211 38
0.282351 39
0.268233 37
0.254822 38
0.24208 39
0.229976 37
0.218478 36
0.207554 36
0.197176 36
0.187317 36
0.177951 36
0.169054 36
0.160601 36
0.152571 36
0.144943 36
0.137695 36
0.130811 36
0.12427 36
0.118057 36
0.112154 36
0.106546 36
0.101219 36
0.0961578 36
0.0913499 36
0.0867824 36
0.0824433 36
0.0783212 36
0.0744051 36
0.0706848 36
0.0671506 36
0.0637931 36
0.0606034 36
0.0575732 36
0.0546946 36
0.0519599 36
0.0493619 36
0.0468938 36
0.0445491 36
0.0423216 36
0.0402055 36
0.0381953 36
0.0362855 36
0.0344712 36
0.0327477 36
0.0311103 36
0.0295548 36
0.028077 36
0.0266732 36
0.0253395 36
0.0240725 36
0.0228689 36
0.0217255 36
0.0206392 36
0.0196072 36
0.0186269 36
0.0176955 36
0.0168108 36
0.0159702 36
0.0151717 36
0.0144131 35
0.0136925 35
0.0130078 35
0.0123575 35
0.0117396 34
0.0111526 34
0.010595 34
0.0100652 34
0.00956196 34
0.00908386 34
0.00862967 34
0.00819819 34
0.00778828 34
0.00739886 34
0.00702892 34
0.00667747 34
0.0063436 34
0.00602642 34
0.0057251 34
0.00543884 34
0.0051669 34
0.00490856 34
0.00466313 34
0.00442997 34
0.00420847 34
0.00399805 34
0.00379815 34
0.00360824 34
0.00342783 34
0.00325644 34
0.00309361 34
0.00293893 34
0.00279199 34
0.00265239 34
0.00251977 34
0.00239378 34
0.00227409 34
0.00216039 34
0.00205237 34
0.00194975 34
0.00185226 34
0.00175965 34
0.00167167 34
0.00158808 34
0.00150868 34
0.00143324 34
0.00136158 34
0.0012935 34
0.00122883 34
0.00116739 34
0.00110902 34
0.00105357 34
0.00100089 34
0.000950844 34
0.000903302 34
0.000858137 34
0.00081523 34
0.000774468 34
0.000735745 34
0.000698958 34
0.00066401 34
0.000630809 34
0.000599269 34
0.000569305 34
0.00054084 34
0.000513798 34
0.000488108 34
0.000463703 34
0.000440518 34
0.000418492 34
0.000397567 34
0.000377689 34
0.000358804 34
0.000340864 34
0.000323821 34
0.00030763 34
0.000292248 34
0.000277636 34
0.000263754 34
0.000250566 34
0.000238038 34
0.000226136 34
0.000214829 34
0.000204088 34
0.000193884 34
0.000184189 34
0.00017498 34
0.000166231 34
0.000157919 34
0.000150023 34
0.000142522 34
0.000135396 34
0.000128626 34
0.000122195 34
0.000116085 34
0.000110281 34
0.000104767 34
9.95286e-05 34
9.45521e-05 34
8.98245e-05 34
8.53333e-05 34
8.10666e-05 34
7.70133e-05 34
7.31627e-05 34
6.95045e-05 34
6.60293e-05 34
6.27278e-05 34
5.95914e-05 34
5.66119e-05 34
5.37813e-05 34
5.10922e-05 34
4.85376e-05 34
4.61107e-05 34
4.38052e-05 34
4.16149e-05 34
3.95342e-05 34
3.75575e-05 34
3.56796e-05 34
3.38956e-05 34
3.22008e-05 34
3.05908e-05 34
2.90613e-05 34
