1.861e+06 3722
1.4888e+06 3576
1.19104e+06 3629
952832 3460
762266 3520
609812 3635
487850 3617
390280 3526
312224 3535
249779 3433
199823 3598
159859 3640
127887 3551
102310 3490
81847.6 3641
65478.1 3528
52382.5 3718
41906 3690
33524.8 3695
26819.8 3482
21455.9 3502
17164.7 3417
13731.8 3686
10985.4 3513
8788.32 3600
7030.66 3597
5624.53 3616
4499.62 3629
3599.7 3667
2879.76 3643
2303.81 3566
1843.05 3631
1474.44 3688
1179.55 3721
943.639 3645
754.911 3588
603.929 3737
483.143 3588
386.515 3597
309.212 3514
247.369 3501
197.895 3449
158.316 3535
126.653 3494
101.322 3627
81.058 3436
64.8464 3552
51.8771 3486
41.5017 3486
33.2013 3443
26.5611 3498
21.2489 3424
16.9991 3061
13.5993 3122
10.8794 2788
8.70353 2978
6.96283 2678
5.57026 2484
4.45621 2323
3.56497 2091
2.85197 1896
2.28158 1853
1.82526 1635
1.46021 1512
1.16817 1426
0.934535 1367
0.747628 1306
0.598102 1248
0.478482 1222
0.382785 1183
0.306228 1144
0.244983 1125
0.195986 1103
0.156789 1082
0.125431 1075
0.100345 1060
0.0802759 1038
0.0642207 1032
0.0513766 1022
0.0411013 1019
0.032881 1011
0.0263048 1005
0.0210439 1002
0.0168351 998
0.0134681 993
0.0107745 989
0.00861956 987
0.00689565 984
0.00551652 980
0.00441322 977
0.00353057 976
0.00282446 972
0.00225957 970
0.00180765 970
0.00144612 965
0.0011569 960
0.000925519 957
0.000740415 957
0.000592332 954
0.000473865 949
0.000379092 948
0.000303274 948
0.000242619 948
0.000194095 945
0.000155276 943
0.000124221 942
9.93768e-05 942
7.95014e-05 940
