1.861e+06 3722
1.6749e+06 3576
1.50741e+06 3629
1.35667e+06 3460
1.221e+06 3520
1.0989e+06 3635
989012 3617
890111 3526
801099 3535
720990 3433
648891 3598
584002 3640
525601 3551
473041 3490
425737 3641
383163 3528
344847 3718
310362 3536
279326 3495
251394 3530
226254 3580
203629 3655
183266 3622
164939 3555
148445 3663
133601 3541
120241 3585
108217 3686
97395 3559
87655.5 3723
78889.9 3506
71001 3642
63900.9 3577
57510.8 3743
51759.7 3705
46583.7 3537
41925.4 3713
37732.8 3588
33959.5 3900
30563.6 3556
27507.2 3462
24756.5 3630
22280.9 3688
20052.8 3519
18047.5 3594
16242.7 3625
14618.5 3625
13156.6 3743
11841 3658
10656.9 3575
9591.18 3552
8632.06 3815
7768.85 3634
6991.97 3475
6292.77 3598
5663.49 3590
5097.14 3577
4587.43 3616
4128.69 3517
3715.82 3516
3344.24 3732
3009.81 3795
2708.83 3701
2437.95 3611
2194.15 3585
1974.74 3711
1777.26 3542
1599.54 3883
1439.58 3724
1295.63 3576
1166.06 3709
1049.46 3612
944.511 3638
850.06 3774
765.054 3623
688.549 3813
619.694 3574
557.724 3555
501.952 3545
451.757 3732
406.581 3516
365.923 3524
329.331 3572
296.398 3672
266.758 3608
240.082 3452
216.074 3750
194.466 3526
175.02 3490
157.518 3562
141.766 3510
127.589 3353
114.83 3524
103.347 3585
93.0127 3599
83.7114 3473
75.3403 3339
67.8063 3524
61.0256 3550
54.9231 3494
49.4308 3261
44.4877 3360
40.0389 3449
36.035 3237
32.4315 3415
29.1884 3146
26.2695 3275
23.6426 3099
21.2783 3116
19.1505 3271
17.2354 2980
15.5119 3051
13.9607 2913
12.5646 2953
11.3082 2859
10.1774 2836
9.15962 2786
8.24366 2673
7.41929 2688
6.67736 2586
6.00963 2486
5.40866 2388
4.8678 2246
4.38102 2202
3.94292 1985
3.54862 1971
3.19376 1941
2.87439 1832
2.58695 1688
2.32825 1775
2.09543 1684
1.88588 1534
1.6973 1493
1.52757 1433
1.37481 1376
1.23733 1287
1.1136 1252
1.00224 1238
0.902013 1212
0.811811 1163
0.73063 1129
0.657567 1106
0.591811 1083
0.53263 1060
0.479367 1058
0.43143 1049
0.388287 1025
0.349458 1015
0.314512 993
0.283061 984
0.254755 974
0.22928 971
0.206352 964
0.185716 957
0.167145 954
0.15043 950
0.135387 947
0.121849 939
0.109664 936
0.0986973 934
0.0888276 930
0.0799448 930
0.0719503 929
0.0647553 926
0.0582798 923
0.0524518 921
0.0472066 919
0.042486 919
0.0382374 919
0.0344136 918
0.0309723 916
0.027875 915
0.0250875 914
0.0225788 914
0.0203209 913
0.0182888 913
0.0164599 910
0.0148139 910
0.0133325 908
0.0119993 908
0.0107994 908
0.00971943 908
0.00874748 907
0.00787273 907
0.00708546 907
0.00637691 904
0.00573922 904
0.0051653 904
0.00464877 903
0.00418389 901
0.0037655 901
0.00338895 900
0.00305006 899
0.00274505 899
0.00247055 899
0.00222349 899
0.00200114 899
0.00180103 899
0.00162093 897
0.00145883 897
0.00131295 896
0.00118166 895
0.00106349 895
0.000957141 895
0.000861427 894
0.000775284 894
0.000697756 893
0.00062798 892
0.000565182 892
0.000508664 892
0.000457797 892
0.000412018 892
0.000370816 892
0.000333734 891
0.000300361 891
0.000270325 891
0.000243292 891
0.000218963 891
0.000197067 891
0.00017736 891
0.000159624 891
0.000143662 891
0.000129296 891
0.000116366 890
0.000104729 890
9.42564e-05 890
8.48308e-05 890
