1.861e+06 3722
1.39575e+06 3576
1.04681e+06 3629
785109 3460
588832 3520
441624 3635
331218 3642
248414 3554
186310 3628
139733 3563
104799 3552
78599.6 3575
58949.7 3820
44212.3 3727
33159.2 3698
24869.4 3645
18652.1 3837
13989 3664
10491.8 3638
7868.83 3633
5901.63 3608
4426.22 3553
3319.66 3777
2489.75 3584
1867.31 3468
1400.48 3520
1050.36 3590
787.772 3645
590.829 3668
443.122 3537
332.341 3637
249.256 3718
186.942 3653
140.206 3594
105.155 3596
78.8661 3483
59.1496 3442
44.3622 3439
33.2717 3631
24.9537 3208
18.7153 3206
14.0365 3195
10.5274 3012
7.89552 2878
5.92164 2471
4.44123 2385
3.33092 2115
2.49819 1839
1.87364 1627
1.40523 1467
1.05392 1358
0.790443 1251
0.592833 1187
0.444624 1147
0.333468 1106
0.250101 1084
0.187576 1064
0.140682 1044
0.105511 1022
0.0791336 1008
0.0593502 998
0.0445126 994
0.0333845 990
0.0250384 985
0.0187788 981
0.0140841 977
0.0105631 971
0.0079223 968
0.00594172 962
0.00445629 959
0.00334222 956
0.00250666 955
0.00188 953
0.00141 944
0.0010575 943
0.000793124 942
0.000594843 942
0.000446132 940
0.000334599 938
0.000250949 938
0.000188212 936
0.000141159 935
0.000105869 934
7.9402e-05 934
