1.861e+06 3722
1.76795e+06 3576
1.67955e+06 3629
1.59557e+06 3460
1.5158e+06 3520
1.44001e+06 3635
1.36801e+06 3617
1.29961e+06 3526
1.23463e+06 3535
1.17289e+06 3433
1.11425e+06 3598
1.05854e+06 3640
1.00561e+06 3551
955330 3490
907563 3641
862185 3528
819076 3718
778122 3536
739216 3495
702255 3530
667142 3580
633785 3655
602096 3622
571991 3555
543392 3482
516222 3672
490411 3617
465890 3781
442596 3431
420466 3593
399443 3765
379471 3782
360497 3572
342472 3614
325349 3812
309081 3728
293627 3652
278946 3678
264998 3553
251749 3586
239161 3563
227203 3625
215843 3649
205051 3561
194798 3662
185058 3764
175805 3835
167015 3686
158664 3626
150731 3772
143195 3620
136035 3615
129233 3523
122771 3551
116633 3464
110801 3542
105261 3425
99998.1 3674
94998.2 3703
90248.3 3593
85735.9 3504
81449.1 3596
77376.6 3557
73507.8 3579
69832.4 3664
66340.8 3551
63023.8 3865
59872.6 3615
56878.9 3481
54035 3577
51333.2 3701
48766.6 3572
46328.3 3638
44011.8 3778
41811.3 3675
39720.7 3605
37734.7 3804
35847.9 3605
34055.5 3772
32352.7 3673
30735.1 3471
29198.4 3605
27738.4 3778
26351.5 3628
25033.9 3576
23782.2 3570
22593.1 3595
21463.5 3481
20390.3 3489
19370.8 3729
18402.2 3793
17482.1 3483
16608 3850
15777.6 3647
14988.7 3725
14239.3 3722
13527.3 3741
12851 3387
12208.4 3663
11598 3797
11018.1 3576
10467.2 3750
9943.84 3431
9446.65 3635
8974.32 3426
8525.6 3683
8099.32 3534
7694.35 3582
7309.64 3670
6944.15 3777
6596.95 3649
6267.1 3658
5953.74 3517
5656.06 3734
5373.25 3689
5104.59 3551
4849.36 3682
4606.89 3664
4376.55 3531
4157.72 3612
3949.84 3694
3752.34 3702
3564.73 3662
3386.49 3760
3217.17 3621
3056.31 3622
2903.49 3625
2758.32 3700
2620.4 3601
2489.38 3505
2364.91 3674
2246.67 3778
2134.33 3723
2027.62 3632
1926.24 3554
1829.92 3595
1738.43 3460
1651.51 3566
1568.93 3613
1490.48 3526
1415.96 3723
1345.16 3500
1277.9 3717
1214.01 3766
1153.31 3401
1095.64 3795
1040.86 3549
988.818 3626
939.377 3515
892.408 3518
847.788 3607
805.398 3540
765.128 3546
726.872 3559
690.528 3559
656.002 3639
623.202 3542
592.042 3694
562.44 3535
534.318 3662
507.602 3591
482.222 3749
458.111 3604
435.205 3661
413.445 3557
392.773 3622
373.134 3804
354.477 3701
336.753 3447
319.916 3618
303.92 3543
288.724 3694
274.288 3735
260.573 3546
247.545 3605
235.167 3482
223.409 3533
212.239 3359
201.627 3401
191.545 3640
181.968 3404
172.87 3585
164.226 3585
156.015 3683
148.214 3353
140.803 3639
133.763 3614
127.075 3345
120.721 3794
114.685 3480
108.951 3653
103.503 3492
98.3283 3804
93.4119 3481
88.7413 3547
84.3042 3413
80.089 3652
76.0846 3382
72.2803 3530
68.6663 3518
65.233 3422
61.9714 3352
58.8728 3233
55.9292 3388
53.1327 3261
50.4761 3450
47.9523 3403
45.5546 3395
43.2769 3425
41.1131 3414
39.0574 3359
37.1045 3372
35.2493 3412
33.4869 3285
31.8125 3297
30.2219 3357
28.7108 3359
27.2752 3282
25.9115 3228
24.6159 3296
23.3851 3232
22.2159 3375
21.1051 2956
20.0498 3116
19.0473 3338
18.095 3135
17.1902 3025
16.3307 3044
15.5142 3010
14.7385 3151
14.0015 3001
13.3015 3025
12.6364 2968
12.0046 2926
11.4043 2814
10.8341 2851
10.2924 2775
9.77779 2737
9.2889 2676
8.82446 2664
8.38324 2671
7.96407 2450
7.56587 2636
7.18758 2513
6.8282 2571
6.48679 2523
6.16245 2468
5.85433 2507
5.56161 2325
5.28353 2143
5.01935 2121
4.76838 2269
4.52997 2110
4.30347 2071
4.08829 2007
3.88388 1892
3.68969 1918
3.5052 1939
3.32994 1953
3.16344 1753
3.00527 1736
2.85501 1745
2.71226 1703
2.57664 1749
2.44781 1646
2.32542 1579
2.20915 1583
2.09869 1487
1.99376 1430
1.89407 1523
1.79937 1448
1.7094 1417
1.62393 1337
1.54273 1342
1.4656 1357
1.39232 1329
1.3227 1261
1.25657 1236
1.19374 1209
1.13405 1225
1.07735 1191
1.02348 1158
0.972306 1144
0.923691 1114
0.877506 1105
0.833631 1074
0.791949 1052
0.752352 1048
0.714734 1029
0.678998 1010
0.645048 1016
0.612795 1007
0.582156 1010
0.553048 1000
0.525395 983
0.499126 970
0.474169 966
0.450461 959
0.427938 949
0.406541 950
0.386214 940
0.366903 934
0.348558 925
0.33113 917
0.314574 918
0.298845 916
0.283903 911
0.269708 907
0.256222 905
0.243411 904
0.231241 901
0.219679 899
0.208695 899
0.19826 895
0.188347 892
0.17893 886
0.169983 885
0.161484 883
0.15341 883
0.145739 882
0.138452 882
0.13153 882
0.124953 881
0.118706 878
0.11277 877
0.107132 877
0.101775 876
0.0966864 873
0.0918521 871
0.0872595 870
0.0828965 869
0.0787517 869
0.0748141 866
0.0710734 862
0.0675197 862
0.0641437 862
0.0609365 860
0.0578897 860
0.0549952 860
0.0522455 858
0.0496332 857
0.0471515 856
0.044794 856
0.0425543 855
0.0404265 855
0.0384052 855
0.036485 854
0.0346607 853
0.0329277 852
0.0312813 852
0.0297172 852
0.0282314 851
0.0268198 850
0.0254788 850
0.0242049 850
0.0229946 850
0.0218449 850
0.0207526 849
0.019715 849
0.0187293 849
0.0177928 849
0.0169032 849
0.016058 849
0.0152551 849
0.0144923 848
0.0137677 847
0.0130793 847
0.0124254 847
0.0118041 847
0.0112139 847
0.0106532 847
0.0101205 847
0.00961452 847
0.00913379 846
0.0086771 845
0.00824325 845
0.00783109 845
0.00743953 845
0.00706755 845
0.00671418 845
0.00637847 845
0.00605954 845
0.00575657 845
0.00546874 845
0.0051953 845
0.00493554 845
0.00468876 845
0.00445432 845
0.00423161 845
0.00402003 845
0.00381902 845
0.00362807 845
0.00344667 845
0.00327434 845
0.00311062 845
0.00295509 845
0.00280733 844
0.00266697 844
0.00253362 844
0.00240694 844
0.00228659 844
0.00217226 844
0.00206365 844
0.00196047 844
0.00186244 843
0.00176932 843
0.00168085 842
0.00159681 841
0.00151697 841
0.00144112 841
0.00136907 841
0.00130061 840
0.00123558 840
0.0011738 839
0.00111511 839
0.00105936 839
0.00100639 839
0.00095607 839
0.000908267 839
0.000862853 839
0.000819711 839
0.000778725 838
0.000739789 838
0.000702799 838
0.000667659 838
0.000634276 838
0.000602563 838
0.000572435 838
0.000543813 838
0.000516622 838
0.000490791 838
0.000466252 838
0.000442939 838
0.000420792 838
0.000399752 838
0.000379765 838
0.000360777 838
0.000342738 838
0.000325601 838
0.000309321 838
0.000293855 838
0.000279162 837
0.000265204 837
0.000251944 837
0.000239347 837
0.000227379 837
0.00021601 837
0.00020521 837
0.000194949 837
0.000185202 837
0.000175942 837
0.000167145 837
0.000158787 837
0.000150848 837
0.000143306 837
0.00013614 837
0.000129333 837
0.000122867 837
0.000116723 837
0.000110887 837
0.000105343 837
0.000100076 837
9.50719e-05 837
9.03183e-05 837
8.58024e-05 837
