48500 97
41225 96
35041.2 96
29785.1 86
25317.3 92
21519.7 99
18291.8 89
15548 108
13215.8 85
11233.4 91
9548.41 78
8116.15 96
6898.73 79
5863.92 86
4984.33 97
4236.68 108
3601.18 90
3061 92
2601.85 88
2211.57 96
1879.84 87
1597.86 95
1358.18 92
1154.46 84
981.287 94
834.094 83
708.98 84
602.633 96
512.238 80
435.402 88
370.092 90
314.578 86
267.391 99
227.283 77
193.19 80
164.212 102
139.58 103
118.643 101
100.847 87
85.7195 89
72.8616 99
61.9324 88
52.6425 93
44.7461 100
38.0342 87
32.3291 87
27.4797 88
23.3578 77
19.8541 93
16.876 79
14.3446 91
12.1929 93
10.364 105
8.80937 92
7.48796 93
6.36477 84
5.41005 74
4.59855 75
3.90876 75
3.32245 73
2.82408 68
2.40047 73
2.0404 62
1.73434 73
1.47419 72
1.25306 59
1.0651 53
0.905336 55
0.769536 49
0.654105 47
0.555989 48
0.472591 51
0.401702 42
0.341447 39
0.29023 42
0.246695 40
0.209691 41
0.178237 40
0.151502 40
0.128777 39
0.10946 38
0.0930411 38
0.0790849 38
0.0672222 37
0.0571389 37
0.048568 37
0.0412828 37
0.0350904 36
0.0298268 36
0.0253528 36
0.0215499 36
0.0183174 36
0.0155698 36
0.0132343 36
0.0112492 36
0.0095618 36
0.00812753 36
0.0069084 36
0.00587214 36
0.00499132 36
0.00424262 36
0.00360623 36
0.00306529 36
0.0026055 36
0.00221468 36
0.00188247 36
0.0016001 36
0.00136009 36
0.00115607 36
0.000982663 36
0.000835264 36
0.000709974 36
0.000603478 36
0.000512956 36
0.000436013 36
0.000370611 36
0.000315019 36
0.000267766 36
0.000227601 36
0.000193461 36
0.000164442 36
0.000139776 36
0.000118809 36
0.000100988 36
8.58398e-05 36
7.29638e-05 36
6.20192e-05 36
5.27163e-05 36
4.48089e-05 36
3.80876e-05 36
3.23744e-05 36
2.75183e-05 36
