48500 97
43650 96
39285 96
35356.5 86
31820.9 92
28638.8 99
25774.9 89
23197.4 108
20877.7 85
18789.9 91
16910.9 78
15219.8 96
13697.8 79
12328 86
11095.2 97
9985.72 108
8987.15 90
8088.43 92
7279.59 88
6551.63 96
5896.47 87
5306.82 95
4776.14 92
4298.52 84
3868.67 94
3481.81 83
3133.62 102
2820.26 93
2538.24 92
2284.41 101
2055.97 85
1850.37 86
1665.34 88
1498.8 88
1348.92 99
1214.03 81
1092.63 75
983.365 79
885.028 90
796.525 96
716.873 91
645.186 91
580.667 86
522.6 93
470.34 85
423.306 87
380.976 92
342.878 78
308.59 75
277.731 81
249.958 87
224.962 87
202.466 93
182.219 69
163.998 89
147.598 102
132.838 77
119.554 103
107.599 90
96.8389 90
87.155 87
78.4395 91
70.5955 85
63.536 88
57.1824 87
51.4642 87
46.3177 99
41.686 91
37.5174 73
33.7656 87
30.3891 91
27.3502 94
24.6151 90
22.1536 85
19.9383 87
17.9444 88
16.15 96
14.535 83
13.0815 70
11.7733 93
10.596 80
9.53641 101
8.58277 81
7.72449 80
6.95204 73
6.25684 80
5.63116 82
5.06804 70
4.56124 80
4.10511 77
3.6946 85
3.32514 74
2.99263 74
2.69336 75
2.42403 84
2.18163 70
1.96346 62
1.76712 57
1.5904 66
1.43136 58
1.28823 56
1.15941 57
1.04346 68
0.939118 58
0.845206 53
0.760686 50
0.684617 52
0.616155 51
0.55454 46
0.499086 43
0.449177 47
0.40426 44
0.363834 39
0.32745 38
0.294705 36
0.265235 36
0.238711 37
0.21484 36
0.193356 36
0.17402 37
0.156618 37
0.140957 37
0.126861 37
0.114175 37
0.102757 37
0.0924816 37
0.0832335 37
0.0749101 37
0.0674191 37
0.0606772 37
0.0546095 37
0.0491485 37
0.0442337 37
0.0398103 37
0.0358293 37
0.0322463 37
0.0290217 37
0.0261195 37
0.0235076 37
0.0211568 37
0.0190411 37
0.017137 37
0.0154233 36
0.013881 36
0.0124929 36
0.0112436 36
0.0101192 36
0.00910732 36
0.00819659 36
0.00737693 36
0.00663924 36
0.00597531 36
0.00537778 36
0.00484 36
0.004356 36
0.0039204 36
0.00352836 36
0.00317553 36
0.00285797 36
0.00257218 36
0.00231496 36
0.00208346 36
0.00187512 36
0.0016876 36
0.00151884 36
0.00136696 36
0.00123026 36
0.00110724 36
0.000996514 36
0.000896862 36
0.000807176 36
0.000726459 36
0.000653813 36
0.000588431 36
0.000529588 36
0.000476629 36
0.000428967 36
0.00038607 36
0.000347463 36
0.000312717 36
0.000281445 36
0.0002533 36
0.00022797 36
0.000205173 36
0.000184656 36
0.00016619 36
0.000149571 36
0.000134614 36
0.000121153 36
0.000109038 36
9.81338e-05 36
8.83204e-05 36
7.94884e-05 36
7.15395e-05 36
6.43856e-05 36
5.7947e-05 36
5.21523e-05 36
4.69371e-05 36
4.22434e-05 36
3.8019e-05 36
3.42171e-05 36
3.07954e-05 36
2.77159e-05 36
