48500 97
38800 96
31040 96
24832 86
19865.6 92
15892.5 99
12714 89
10171.2 108
8136.95 85
6509.56 91
5207.65 78
4166.12 96
3332.89 79
2666.32 86
2133.05 93
1706.44 95
1365.15 104
1092.12 109
873.698 104
698.959 91
559.167 82
447.334 81
357.867 107
286.293 90
229.035 103
183.228 96
146.582 93
117.266 93
93.8126 91
75.0501 83
60.0401 106
48.0321 84
38.4257 90
30.7405 90
24.5924 84
19.6739 87
15.7391 77
12.5913 95
10.0731 96
8.05844 76
6.44676 75
5.1574 78
4.12592 75
3.30074 87
2.64059 69
2.11247 68
1.68998 69
1.35198 61
1.08159 66
0.865269 54
0.692215 46
0.553772 49
0.443018 45
0.354414 43
0.283531 41
0.226825 41
0.18146 37
0.145168 37
0.116134 37
0.0929075 36
0.074326 35
0.0594608 35
0.0475687 35
0.0380549 35
0.0304439 35
0.0243552 35
0.0194841 35
0.0155873 35
0.0124698 35
0.00997587 35
0.0079807 35
0.00638456 35
0.00510765 35
0.00408612 35
0.00326889 35
0.00261511 35
0.00209209 35
0.00167367 35
0.00133894 35
0.00107115 35
0.000856921 35
0.000685537 35
0.000548429 35
0.000438743 35
0.000350995 35
0.000280796 35
0.000224637 35
0.000179709 35
0.000143767 35
0.000115014 35
9.20112e-05 35
7.36089e-05 35
5.88872e-05 35
4.71097e-05 35
3.76878e-05 35
3.01502e-05 35
