48500 97
36375 96
27281.2 96
20460.9 86
15345.7 92
11509.3 99
8631.96 89
6473.97 108
4855.48 85
3641.61 91
2731.21 78
2048.4 96
1536.3 86
1152.23 88
864.17 86
648.128 91
486.096 96
364.572 85
273.429 99
205.072 90
153.804 81
115.353 83
86.5146 99
64.886 77
48.6645 87
36.4984 87
27.3738 87
20.5303 80
15.3977 82
11.5483 88
8.66123 93
6.49592 76
4.87194 95
3.65396 76
2.74047 66
2.05535 68
1.54151 66
1.15613 47
0.867101 52
0.650326 50
0.487744 45
0.365808 44
0.274356 40
0.205767 42
0.154325 39
0.115744 38
0.086808 38
0.065106 38
0.0488295 38
0.0366221 38
0.0274666 38
0.0206 38
0.01545 38
0.0115875 38
0.0086906 38
0.00651795 38
0.00488846 38
0.00366635 38
0.00274976 38
0.00206232 38
0.00154674 38
0.00116006 38
0.000870042 38
0.000652531 38
0.000489398 38
0.000367049 38
0.000275287 38
0.000206465 38
0.000154849 38
0.000116137 38
8.71024e-05 38
6.53268e-05 38
4.89951e-05 38
3.67463e-05 38
2.75597e-05 38
