88000 176
79200 173
71280 160
64152 157
57736.8 171
51963.1 163
46766.8 165
42090.1 170
37881.1 172
34093 175
30683.7 144
27615.3 159
24853.8 164
22368.4 185
20131.6 169
18118.4 165
16306.6 195
14675.9 170
13208.3 180
11887.5 184
10698.7 181
9628.87 176
8665.98 160
7799.39 178
7019.45 169
6317.5 186
5685.75 184
5117.18 168
4605.46 173
4144.91 183
3730.42 161
3357.38 169
3021.64 186
2719.48 175
2447.53 170
2202.78 163
1982.5 186
1784.25 161
1605.82 163
1445.24 194
1300.72 176
1170.65 182
1053.58 182
948.223 179
853.401 153
768.061 191
691.255 174
622.129 182
559.916 182
503.925 165
453.532 161
408.179 188
367.361 186
330.625 175
297.562 160
267.806 178
241.026 181
216.923 192
195.231 174
175.708 167
158.137 180
142.323 167
128.091 169
115.282 164
103.754 164
93.3783 165
84.0404 179
75.6364 171
68.0728 165
61.2655 170
55.1389 146
49.625 176
44.6625 167
40.1963 151
36.1767 183
32.559 157
29.3031 179
26.3728 169
23.7355 173
21.362 140
19.2258 173
17.3032 162
15.5729 176
14.0156 142
12.614 159
11.3526 155
10.2174 142
9.19562 163
8.27606 156
7.44845 142
6.70361 155
6.03325 173
5.42992 138
4.88693 127
4.39824 127
3.95841 147
3.56257 126
3.20631 149
2.88568 125
2.59711 119
2.3374 128
2.10366 128
1.8933 109
1.70397 108
1.53357 120
1.38021 105
1.24219 95
1.11797 95
1.00618 103
0.905558 95
0.815002 92
0.733502 86
0.660152 77
0.594137 77
0.534723 74
0.481251 76
0.433126 73
0.389813 70
0.350832 71
0.315748 69
0.284174 69
0.255756 68
0.230181 69
0.207163 69
0.186446 66
0.167802 66
0.151022 66
0.135919 66
0.122327 66
0.110095 66
0.0990852 66
0.0891767 66
0.080259 66
0.0722331 66
0.0650098 66
0.0585088 66
0.052658 66
0.0473922 66
0.0426529 66
0.0383876 66
0.0345489 66
0.031094 66
0.0279846 66
0.0251861 66
0.0226675 66
0.0204008 65
0.0183607 65
0.0165246 64
0.0148722 64
0.0133849 64
0.0120465 64
0.0108418 64
0.00975762 64
0.00878186 64
0.00790368 64
0.00711331 64
0.00640198 64
0.00576178 64
0.0051856 64
0.00466704 64
0.00420034 64
0.0037803 64
0.00340227 64
0.00306205 64
0.00275584 64
0.00248026 64
0.00223223 64
0.00200901 64
0.00180811 64
0.0016273 64
0.00146457 64
0.00131811 64
0.0011863 64
0.00106767 64
0.000960902 64
0.000864812 64
0.000778331 64
0.000700498 64
0.000630448 64
0.000567403 64
0.000510663 64
0.000459597 64
0.000413637 64
0.000372273 64
0.000335046 64
0.000301541 64
0.000271387 64
0.000244249 64
0.000219824 64
0.000197841 64
0.000178057 64
0.000160251 64
0.000144226 64
0.000129804 64
0.000116823 64
0.000105141 64
9.46269e-05 64
8.51642e-05 64
7.66478e-05 64
6.8983e-05 64
6.20847e-05 64
5.58762e-05 64
5.02886e-05 64
4.52597e-05 64
4.07338e-05 64
3.66604e-05 64
3.29944e-05 64
2.96949e-05 64
2.67254e-05 64
2.40529e-05 64
