88000 176
66000 173
49500 160
37125 157
27843.8 171
20882.8 163
15662.1 166
11746.6 189
8809.94 191
6607.45 155
4955.59 167
3716.69 163
2787.52 189
2090.64 161
1567.98 170
1175.98 186
881.988 158
661.491 178
496.118 157
372.089 157
279.067 154
209.3 162
156.975 186
117.731 180
88.2984 194
66.2238 170
49.6679 181
37.2509 198
27.9382 190
20.9536 181
15.7152 192
11.7864 156
8.83981 160
6.62986 159
4.9724 165
3.7293 134
2.79697 151
2.09773 117
1.5733 109
1.17997 102
0.884979 99
0.663735 82
0.497801 83
0.373351 75
0.280013 71
0.21001 69
0.157507 66
0.118131 66
0.0885979 66
0.0664484 65
0.0498363 65
0.0373772 64
0.0280329 64
0.0210247 64
0.0157685 64
0.0118264 63
0.00886979 63
0.00665234 63
0.00498926 63
0.00374194 63
0.00280646 63
0.00210484 63
0.00157863 63
0.00118397 63
0.000887981 63
0.000665986 63
0.000499489 63
0.000374617 63
0.000280963 63
0.000210722 63
0.000158041 63
0.000118531 63
8.88983e-05 63
6.66738e-05 63
5.00053e-05 63
3.7504e-05 63
2.8128e-05 63
2.1096e-05 63
