88000 176
74800 173
63580 160
54043 157
45936.5 171
39046.1 163
33189.2 165
28210.8 170
23979.2 172
20382.3 175
17324.9 144
14726.2 159
12517.3 164
10639.7 185
9043.73 169
7687.17 165
6534.1 169
5553.98 186
4720.88 168
4012.75 138
3410.84 184
2899.21 165
2464.33 173
2094.68 180
1780.48 180
1513.41 156
1286.4 172
1093.44 174
929.421 160
790.008 170
671.507 151
570.781 147
485.164 199
412.389 152
350.531 186
297.951 198
253.258 162
215.27 174
182.979 160
155.532 179
132.203 170
112.372 172
95.5163 166
81.1889 157
69.0105 179
58.659 154
49.8601 193
42.3811 156
36.0239 186
30.6203 140
26.0273 183
22.1232 171
18.8047 165
15.984 166
13.5864 165
11.5484 160
9.81618 161
8.34375 165
7.09219 173
6.02836 175
5.12411 140
4.35549 140
3.70217 127
3.14684 141
2.67482 122
2.27359 125
1.93255 112
1.64267 114
1.39627 100
1.18683 107
1.00881 99
0.857485 81
0.728862 84
0.619533 83
0.526603 78
0.447612 73
0.380471 72
0.3234 70
0.27489 70
0.233656 71
0.198608 68
0.168817 67
0.143494 67
0.12197 67
0.103675 67
0.0881234 66
0.0749049 66
0.0636692 66
0.0541188 66
0.046001 66
0.0391008 66
0.0332357 66
0.0282504 66
0.0240128 66
0.0204109 66
0.0173492 66
0.0147469 66
0.0125348 66
0.0106546 66
0.00905642 66
0.00769795 65
0.00654326 65
0.00556177 65
0.00472751 65
0.00401838 65
0.00341562 65
0.00290328 65
0.00246779 65
0.00209762 65
0.00178298 65
0.00151553 65
0.0012882 65
0.00109497 65
0.000930725 65
0.000791116 65
0.000672449 65
0.000571581 65
0.000485844 65
0.000412968 65
0.000351022 65
0.000298369 65
0.000253614 65
0.000215572 65
0.000183236 65
0.000155751 65
0.000132388 65
0.00011253 65
9.56503e-05 65
8.13027e-05 65
6.91073e-05 65
5.87412e-05 65
4.993e-05 65
4.24405e-05 65
3.60745e-05 65
3.06633e-05 65
2.60638e-05 65
2.21542e-05 65
