1.9215e+06 3843
1.44112e+06 3893
1.08084e+06 3848
810633 3970
607975 3998
455981 3789
341986 3988
256489 3866
192367 3981
144275 3801
108206 3861
81154.8 4010
60866.1 3952
45649.6 4013
34237.2 4002
25677.9 3851
19258.4 3875
14443.8 3949
10832.9 4024
8124.64 3735
6093.48 3989
4570.11 3892
3427.58 3934
2570.69 3792
1928.02 3841
1446.01 3965
1084.51 3985
813.382 3907
610.036 3950
457.527 3764
343.145 3890
257.359 3837
193.019 3864
144.765 3983
108.573 3882
81.43 3835
61.0725 3868
45.8044 3804
34.3533 3737
25.765 3827
19.3237 3691
14.4928 3526
10.8696 3500
8.1522 3258
6.11415 3083
4.58561 2715
3.43921 2486
2.57941 2169
1.93455 1880
1.45092 1677
1.08819 1570
0.81614 1498
0.612105 1402
0.459079 1338
0.344309 1296
0.258232 1253
0.193674 1225
0.145255 1208
0.108942 1194
0.0817062 1175
0.0612796 1165
0.0459597 1150
0.0344698 1146
0.0258523 1140
0.0193893 1132
0.0145419 1122
0.0109065 1114
0.00817984 1111
0.00613488 1108
0.00460116 1107
0.00345087 1102
0.00258815 1099
0.00194112 1092
0.00145584 1089
0.00109188 1088
0.000818908 1087
0.000614181 1082
0.000460636 1082
0.000345477 1079
0.000259108 1076
0.000194331 1070
0.000145748 1069
0.000109311 1068
8.19833e-05 1067
