1.9215e+06 3843
1.63328e+06 3893
1.38828e+06 3848
1.18004e+06 3970
1.00304e+06 3998
852580 3789
724693 3988
615989 3866
523591 3981
445052 3801
378294 3861
321550 4010
273318 3952
232320 4013
197472 4002
167851 4046
142673 3891
121272 3918
103082 3898
87619.3 3742
74476.4 4092
63305 3915
53809.2 3958
45737.8 3963
38877.2 3894
33045.6 3895
28088.8 3821
23875.4 3892
20294.1 4021
17250 4036
14662.5 3807
12463.1 3912
10593.7 3905
9004.61 3960
7653.92 3933
6505.83 3872
5529.96 3874
4700.46 3997
3995.39 3918
3396.08 3965
2886.67 4022
2453.67 3889
2085.62 3941
1772.78 3895
1506.86 3935
1280.83 3810
1088.71 3898
925.401 3846
786.591 3857
668.602 3910
568.312 3788
483.065 3935
410.605 3873
349.014 3882
296.662 3759
252.163 3865
214.339 3968
182.188 3913
154.86 3804
131.631 3875
111.886 3845
95.1031 3876
80.8377 3756
68.712 3810
58.4052 3793
49.6444 3708
42.1978 3641
35.8681 3803
30.4879 3624
25.9147 3816
22.0275 3682
18.7234 3716
15.9149 3598
13.5276 3374
11.4985 3511
9.77372 3420
8.30766 3271
7.06151 3169
6.00228 2858
5.10194 2748
4.33665 2529
3.68615 2385
3.13323 2032
2.66325 1915
2.26376 1793
1.92419 1717
1.63557 1584
1.39023 1558
1.1817 1476
1.00444 1436
0.853776 1369
0.725709 1304
0.616853 1266
0.524325 1246
0.445676 1211
0.378825 1194
0.322001 1185
0.273701 1163
0.232646 1141
0.197749 1122
0.168087 1114
0.142874 1105
0.121443 1102
0.103226 1096
0.0877422 1089
0.0745809 1082
0.0633938 1077
0.0538847 1073
0.045802 1071
0.0389317 1066
0.0330919 1065
0.0281281 1063
0.0239089 1062
0.0203226 1062
0.0172742 1060
0.0146831 1058
0.0124806 1058
0.0106085 1055
0.00901724 1054
0.00766465 1052
0.00651496 1050
0.00553771 1050
0.00470706 1048
0.004001 1047
0.00340085 1046
0.00289072 1046
0.00245711 1046
0.00208855 1044
0.00177526 1044
0.00150897 1044
0.00128263 1043
0.00109023 1040
0.000926699 1039
0.000787694 1039
0.00066954 1039
0.000569109 1039
0.000483743 1039
0.000411181 1039
0.000349504 1039
0.000297078 1038
0.000252517 1038
0.000214639 1038
0.000182443 1038
0.000155077 1038
0.000131815 1037
0.000112043 1036
9.52365e-05 1036
8.0951e-05 1036
