1.9215e+06 3843
1.72935e+06 3893
1.55642e+06 3848
1.40077e+06 3970
1.2607e+06 3998
1.13463e+06 3789
1.02116e+06 3988
919047 3866
827143 3981
744428 3801
669986 3861
602987 4010
542688 3952
488420 4013
439578 4002
395620 4046
356058 3891
320452 3918
288407 3898
259566 3742
233610 3961
210249 3991
189224 3885
170301 3935
153271 3785
137944 3823
124150 3934
111735 3936
100561 3749
90505.1 3893
81454.6 3966
73309.1 4053
65978.2 4019
59380.4 3829
53442.4 3802
48098.1 4003
43288.3 3919
38959.5 3825
35063.5 3909
31557.2 3779
28401.5 3970
25561.3 3701
23005.2 3896
20704.7 3999
18634.2 3969
16770.8 3962
15093.7 3975
13584.3 4035
12225.9 3901
11003.3 3984
9902.98 3863
8912.68 3861
8021.41 3873
7219.27 3798
6497.34 3928
5847.61 3958
5262.85 4022
4736.56 3944
4262.91 3945
3836.62 3805
3452.96 4029
3107.66 3923
2796.89 3850
2517.2 3953
2265.48 3840
2038.94 3915
1835.04 3824
1651.54 3780
1486.38 4006
1337.75 3783
1203.97 3862
1083.57 3988
975.217 3813
877.695 3944
789.925 3740
710.933 3869
639.84 3800
575.856 3935
518.27 3778
466.443 4000
419.799 3898
377.819 4030
340.037 3953
306.033 3863
275.43 3969
247.887 3868
223.098 3908
200.788 3926
180.71 3968
162.639 3700
146.375 3874
131.737 3886
118.564 3745
106.707 3756
96.0365 3987
86.4328 3787
77.7896 3751
70.0106 3740
63.0095 3950
56.7086 3758
51.0377 3817
45.934 3890
41.3406 3805
37.2065 3825
33.4859 3765
30.1373 3802
27.1235 3596
24.4112 3564
21.9701 3708
19.7731 3549
17.7958 3484
16.0162 3403
14.4146 3477
12.9731 3436
11.6758 3246
10.5082 3272
9.45739 3220
8.51165 3191
7.66049 3039
6.89444 3074
6.205 2845
5.5845 2951
5.02605 2643
4.52344 2521
4.0711 2321
3.66399 2203
3.29759 2228
2.96783 2061
2.67105 1892
2.40394 1936
2.16355 1843
1.94719 1744
1.75247 1650
1.57723 1603
1.4195 1566
1.27755 1506
1.1498 1469
1.03482 1428
0.931337 1416
0.838203 1388
0.754383 1357
0.678944 1319
0.61105 1290
0.549945 1250
0.49495 1218
0.445455 1216
0.40091 1192
0.360819 1176
0.324737 1160
0.292263 1153
0.263037 1138
0.236733 1133
0.21306 1128
0.191754 1127
0.172579 1119
0.155321 1116
0.139789 1111
0.12581 1109
0.113229 1105
0.101906 1102
0.0917153 1100
0.0825438 1100
0.0742894 1099
0.0668605 1094
0.0601744 1092
0.054157 1091
0.0487413 1088
0.0438672 1086
0.0394804 1083
0.0355324 1080
0.0319792 1077
0.0287812 1076
0.0259031 1075
0.0233128 1074
0.0209815 1073
0.0188834 1071
0.016995 1070
0.0152955 1069
0.013766 1069
0.0123894 1069
0.0111504 1069
0.0100354 1068
0.00903186 1068
0.00812867 1068
0.00731581 1068
0.00658422 1067
0.0059258 1067
0.00533322 1067
0.0047999 1065
0.00431991 1065
0.00388792 1064
0.00349913 1064
0.00314921 1064
0.00283429 1064
0.00255086 1063
0.00229578 1062
0.0020662 1062
0.00185958 1060
0.00167362 1060
0.00150626 1060
0.00135563 1060
0.00122007 1060
0.00109806 1060
0.000988257 1060
0.000889431 1060
0.000800488 1060
0.000720439 1060
0.000648395 1058
0.000583556 1058
0.0005252 1057
0.00047268 1057
0.000425412 1057
0.000382871 1056
0.000344584 1054
0.000310125 1054
0.000279113 1053
0.000251202 1053
0.000226081 1053
0.000203473 1053
0.000183126 1053
0.000164813 1053
0.000148332 1053
0.000133499 1053
0.000120149 1053
0.000108134 1053
9.73207e-05 1053
8.75886e-05 1053
7.88297e-05 1052
