1.9215e+06 3843
1.5372e+06 3893
1.22976e+06 3848
983808 3970
787046 3998
629637 3789
503710 3988
402968 3866
322374 3981
257899 3801
206319 3861
165056 4010
132044 3952
105636 4013
84508.5 4002
67606.8 4046
54085.4 3891
43268.3 3918
34614.7 3872
27691.7 3947
22153.4 3976
17722.7 4049
14178.2 4025
11342.5 3859
9074.03 4028
7259.22 3907
5807.38 4003
4645.9 4017
3716.72 3987
2973.38 3917
2378.7 3892
1902.96 3844
1522.37 3942
1217.9 3810
974.316 3927
779.453 4002
623.562 3935
498.85 3879
399.08 3877
319.264 3991
255.411 3938
204.329 3842
163.463 3816
130.771 3953
104.616 3812
83.6931 3889
66.9545 3819
53.5636 3628
42.8509 3659
34.2807 3609
27.4246 3758
21.9397 3759
17.5517 3654
14.0414 3534
11.2331 3419
8.98648 3265
7.18919 3158
5.75135 3013
4.60108 2638
3.68086 2454
2.94469 2197
2.35575 1962
1.8846 1804
1.50768 1623
1.20615 1525
0.964916 1486
0.771933 1425
0.617546 1335
0.494037 1284
0.39523 1263
0.316184 1230
0.252947 1198
0.202358 1183
0.161886 1160
0.129509 1148
0.103607 1139
0.0828857 1128
0.0663085 1122
0.0530468 1115
0.0424375 1110
0.03395 1107
0.02716 1104
0.021728 1102
0.0173824 1094
0.0139059 1089
0.0111247 1088
0.00889978 1086
0.00711982 1085
0.00569586 1080
0.00455669 1079
0.00364535 1079
0.00291628 1077
0.00233302 1075
0.00186642 1071
0.00149314 1068
0.00119451 1068
0.000955607 1068
0.000764485 1068
0.000611588 1068
0.000489271 1068
0.000391416 1067
0.000313133 1067
0.000250507 1066
0.000200405 1066
0.000160324 1066
0.000128259 1065
0.000102607 1065
8.2086e-05 1065
