1.861e+06 3722
1.58185e+06 3576
1.34457e+06 3629
1.14289e+06 3460
971454 3520
825736 3635
701875 3617
596594 3526
507105 3535
431039 3433
366383 3598
311426 3640
264712 3551
225005 3490
191254 3641
162566 3528
138181 3718
117454 3536
99836 3495
84860.6 3530
72131.5 3734
61311.8 3626
52115 3729
44297.7 3686
37653.1 3550
32005.1 3479
27204.4 3775
23123.7 3521
19655.1 3626
16706.9 3571
14200.8 3582
12070.7 3557
10260.1 3539
8721.09 3834
7412.93 3595
6300.99 3556
5355.84 3648
4552.47 3517
3869.6 3764
3289.16 3576
2795.78 3600
2376.42 3418
2019.95 3494
1716.96 3470
1459.42 3418
1240.5 3624
1054.43 3642
896.264 3616
761.824 3557
647.551 3640
550.418 3279
467.855 3567
397.677 3707
338.025 3475
287.322 3565
244.223 3702
207.59 3724
176.451 3526
149.984 3613
127.486 3646
108.363 3563
92.1087 3495
78.2924 3617
66.5486 3467
56.5663 3500
48.0813 3473
40.8691 3438
34.7388 3361
29.528 3325
25.0988 3253
21.3339 3303
18.1339 3348
15.4138 3059
13.1017 3109
11.1365 3024
9.46598 2733
8.04609 2629
6.83917 2702
5.8133 2481
4.9413 2289
4.20011 2278
3.57009 2121
3.03458 1959
2.57939 1780
2.19248 1663
1.86361 1494
1.58407 1484
1.34646 1375
1.14449 1309
0.972816 1254
0.826894 1203
0.70286 1175
0.597431 1123
0.507816 1104
0.431644 1074
0.366897 1050
0.311863 1027
0.265083 1023
0.225321 1015
0.191523 1002
0.162794 999
0.138375 988
0.117619 982
0.099976 975
0.0849796 973
0.0722327 967
0.0613978 964
0.0521881 963
0.0443599 961
0.0377059 959
0.03205 958
0.0272425 957
0.0231561 956
0.0196827 951
0.0167303 948
0.0142208 946
0.0120876 945
0.0102745 944
0.00873332 941
0.00742333 937
0.00630983 937
0.00536335 937
0.00455885 934
0.00387502 932
0.00329377 927
0.0027997 924
0.00237975 923
0.00202279 921
0.00171937 921
0.00146146 920
0.00124224 917
0.00105591 912
0.000897521 912
0.000762893 912
0.000648459 910
0.00055119 910
0.000468512 910
0.000398235 910
0.0003385 908
0.000287725 907
0.000244566 907
0.000207881 906
0.000176699 905
0.000150194 905
0.000127665 903
0.000108515 903
9.22379e-05 903
7.84022e-05 902
