88000 176
83600 173
79420 160
75449 157
71676.6 171
68092.7 163
64688.1 165
61453.7 170
58381 172
55461.9 175
52688.9 144
50054.4 159
47551.7 164
45174.1 185
42915.4 169
40769.6 165
38731.1 195
36794.6 170
34954.9 180
33207.1 184
31546.8 181
29969.4 176
28471 184
27047.4 147
25695 174
24410.3 178
23189.8 152
22030.3 185
20928.8 167
19882.3 174
18888.2 162
17943.8 180
17046.6 160
16194.3 179
15384.6 177
14615.3 158
13884.6 178
13190.3 155
12530.8 197
11904.3 167
11309.1 172
10743.6 168
10206.4 169
9696.11 159
9211.31 169
8750.74 180
8313.21 152
7897.55 152
7502.67 147
7127.53 179
6771.16 154
6432.6 165
6110.97 161
5805.42 175
5515.15 182
5239.39 181
4977.42 163
4728.55 196
4492.12 158
4267.52 160
4054.14 195
3851.44 152
3658.86 176
3475.92 156
3302.12 165
3137.02 169
2980.17 178
2831.16 153
2689.6 173
2555.12 186
2427.36 181
2306 161
2190.7 158
2081.16 160
1977.1 189
1878.25 178
1784.34 165
1695.12 170
1610.36 179
1529.85 193
1453.35 164
1380.69 148
1311.65 180
1246.07 166
1183.77 187
1124.58 181
1068.35 158
1014.93 194
964.184 179
915.975 169
870.176 150
826.667 169
785.334 163
746.067 157
708.764 153
673.326 161
639.659 179
607.676 200
577.293 184
548.428 171
521.007 161
494.956 164
470.208 177
446.698 169
424.363 171
403.145 174
382.988 186
363.838 167
345.646 171
328.364 152
311.946 166
296.349 174
281.531 172
267.455 143
254.082 182
241.378 157
229.309 185
217.843 164
206.951 164
196.604 162
186.774 164
177.435 158
168.563 160
160.135 182
152.128 181
144.522 169
137.296 161
130.431 176
123.909 196
117.714 165
111.828 173
106.237 168
100.925 173
95.8787 152
91.0848 167
86.5305 167
82.204 167
78.0938 169
74.1891 181
70.4797 182
66.9557 179
63.6079 180
60.4275 171
57.4061 168
54.5358 161
51.809 171
49.2186 170
46.7576 161
44.4198 161
42.1988 160
40.0888 187
38.0844 157
36.1802 142
34.3712 174
32.6526 159
31.02 175
29.469 177
27.9955 165
26.5958 144
25.266 166
24.0027 172
22.8025 170
21.6624 156
20.5793 161
19.5503 156
18.5728 172
17.6442 165
16.762 186
15.9239 159
15.1277 173
14.3713 181
13.6527 153
12.9701 182
12.3216 143
11.7055 153
11.1202 171
10.5642 156
10.036 145
9.5342 147
9.05749 153
8.60462 180
8.17439 137
7.76567 150
7.37738 139
7.00852 148
6.65809 167
6.32519 159
6.00893 156
5.70848 159
5.42306 145
5.1519 161
4.89431 148
4.64959 138
4.41711 148
4.19626 156
3.98644 127
3.78712 147
3.59777 130
3.41788 147
3.24698 155
3.08463 119
2.9304 136
2.78388 114
2.64469 119
2.51245 118
2.38683 131
2.26749 125
2.15412 103
2.04641 124
1.94409 114
1.84688 119
1.75454 110
1.66681 106
1.58347 101
1.5043 99
1.42908 107
1.35763 92
1.28975 115
1.22526 98
1.164 101
1.1058 90
1.05051 87
0.997983 83
0.948084 98
0.900679 89
0.855645 97
0.812863 94
0.77222 93
0.733609 87
0.696929 80
0.662082 76
0.628978 74
0.597529 85
0.567653 79
0.53927 86
0.512307 78
0.486691 77
0.462357 76
0.439239 80
0.417277 76
0.396413 74
0.376592 76
0.357763 71
0.339875 72
0.322881 74
0.306737 68
0.2914 70
0.27683 69
0.262989 69
0.249839 69
0.237347 67
0.22548 67
0.214206 67
0.203496 67
0.193321 67
0.183655 67
0.174472 67
0.165748 67
0.157461 67
0.149588 67
0.142108 67
0.135003 67
0.128253 67
0.12184 67
0.115748 67
0.109961 67
0.104463 67
0.0992397 67
0.0942777 67
0.0895638 67
0.0850856 67
0.0808313 67
0.0767898 67
0.0729503 67
0.0693028 67
0.0658376 67
0.0625457 67
0.0594185 67
0.0564475 67
0.0536252 67
0.0509439 67
0.0483967 67
0.0459769 67
0.043678 67
0.0414941 67
0.0394194 67
0.0374484 67
0.035576 67
0.0337972 67
0.0321074 67
0.030502 67
0.0289769 67
0.027528 67
0.0261516 67
0.0248441 67
0.0236019 67
0.0224218 67
0.0213007 67
0.0202356 67
0.0192239 67
0.0182627 67
0.0173495 67
0.0164821 67
0.015658 67
0.0148751 67
0.0141313 67
0.0134247 67
0.0127535 67
0.0121158 67
0.01151 67
0.0109345 67
0.0103878 67
0.00986842 67
0.009375 67
0.00890625 67
0.00846093 67
0.00803789 67
0.00763599 67
0.00725419 67
0.00689148 67
0.00654691 67
0.00621956 67
0.00590859 67
0.00561316 67
0.0053325 67
0.00506587 67
0.00481258 67
0.00457195 67
0.00434335 67
0.00412619 67
0.00391988 67
0.00372388 67
0.00353769 67
0.0033608 67
0.00319276 67
0.00303313 67
0.00288147 67
0.0027374 67
0.00260053 67
0.0024705 67
0.00234698 67
0.00222963 67
0.00211814 67
0.00201224 67
0.00191163 67
0.00181604 67
0.00172524 67
0.00163898 67
0.00155703 67
0.00147918 67
0.00140522 67
0.00133496 67
0.00126821 67
0.0012048 67
0.00114456 67
0.00108733 67
0.00103297 67
0.000981318 67
0.000932252 67
0.000885639 67
0.000841358 67
0.00079929 67
0.000759325 67
0.000721359 67
0.000685291 67
0.000651026 67
0.000618475 67
0.000587551 67
0.000558174 67
0.000530265 67
0.000503752 67
0.000478564 67
0.000454636 67
0.000431904 67
0.000410309 67
0.000389794 67
0.000370304 67
0.000351789 67
0.000334199 67
0.000317489 67
0.000301615 67
0.000286534 67
0.000272207 67
0.000258597 67
0.000245667 67
0.000233384 67
0.000221715 67
0.000210629 67
0.000200097 67
0.000190093 67
0.000180588 67
0.000171559 67
0.000162981 67
0.000154832 67
0.00014709 67
0.000139736 67
0.000132749 67
0.000126111 67
0.000119806 67
0.000113815 67
0.000108125 67
0.000102718 67
9.75825e-05 67
9.27034e-05 67
8.80682e-05 67
8.36648e-05 67
7.94816e-05 67
7.55075e-05 67
7.17321e-05 67
6.81455e-05 67
6.47382e-05 67
6.15013e-05 67
5.84263e-05 67
5.55049e-05 67
5.27297e-05 67
5.00932e-05 67
4.75886e-05 67
4.52091e-05 67
4.29487e-05 67
4.08012e-05 67
3.87612e-05 67
3.68231e-05 67
3.4982e-05 67
3.32329e-05 67
3.15712e-05 67
2.99927e-05 67
2.8493e-05 67
2.70684e-05 67
2.5715e-05 67
2.44292e-05 67
