88000 176
70400 173
56320 160
45056 157
36044.8 171
28835.8 163
23068.7 165
18454.9 170
14764 172
11811.2 175
9448.93 144
7559.14 159
6047.31 164
4837.85 185
3870.28 169
3096.22 165
2476.98 169
1981.58 175
1585.27 174
1268.21 167
1014.57 165
811.657 187
649.325 164
519.46 190
415.568 197
332.455 182
265.964 186
212.771 163
170.217 175
136.173 181
108.939 151
87.151 156
69.7208 177
55.7766 161
44.6213 184
35.697 184
28.5576 171
22.8461 166
18.2769 161
14.6215 151
11.6972 127
9.35777 152
7.48621 134
5.98897 166
4.79118 131
3.83294 126
3.06635 144
2.45308 125
1.96247 120
1.56997 117
1.25598 106
1.00478 99
0.803826 88
0.643061 87
0.514449 83
0.411559 80
0.329247 76
0.263398 74
0.210718 72
0.168575 71
0.13486 71
0.107888 71
0.0863101 70
0.0690481 70
0.0552385 68
0.0441908 68
0.0353526 68
0.0282821 68
0.0226257 68
0.0181006 68
0.0144804 68
0.0115844 68
0.00926748 68
0.00741399 68
0.00593119 68
0.00474495 68
0.00379596 68
0.00303677 68
0.00242941 68
0.00194353 68
0.00155483 68
0.00124386 68
0.000995088 68
0.000796071 68
0.000636856 68
0.000509485 68
0.000407588 68
0.000326071 67
0.000260856 67
0.000208685 67
0.000166948 67
0.000133558 67
0.000106847 67
8.54774e-05 67
6.83819e-05 66
5.47056e-05 66
4.37644e-05 66
3.50116e-05 66
2.80092e-05 66
2.24074e-05 66
