3.5585e+06 7117
2.66888e+06 6849
2.00166e+06 6851
1.50124e+06 6977
1.12593e+06 6983
844449 7015
633337 6919
475002 6689
356252 7131
267189 7067
200392 6860
150294 6880
112720 6740
84540.2 6954
63405.2 7074
47553.9 6801
35665.4 7218
26749.1 6743
20061.8 6883
15046.3 6959
11284.8 6813
8463.57 6934
6347.68 6713
4760.76 6898
3570.57 6835
2677.93 6860
2008.44 7037
1506.33 6875
1129.75 7129
847.312 6704
635.484 6889
476.613 6918
357.46 6799
268.095 6802
201.071 6747
150.803 6734
113.103 6897
84.8269 6889
63.6202 6569
47.7151 6792
35.7864 6475
26.8398 6486
20.1298 6424
15.0974 6184
11.323 5863
8.49227 5583
6.3692 5373
4.7769 4945
3.58268 4632
2.68701 4216
2.01526 3698
1.51144 3240
1.13358 3018
0.850186 2884
0.637639 2772
0.47823 2622
0.358672 2533
0.269004 2477
0.201753 2432
0.151315 2394
0.113486 2371
0.0851146 2338
0.0638359 2326
0.047877 2306
0.0359077 2289
0.0269308 2277
0.0201981 2272
0.0151486 2260
0.0113614 2252
0.00852107 2241
0.0063908 2236
0.0047931 2232
0.00359483 2223
0.00269612 2216
0.00202209 2214
0.00151657 2214
0.00113743 2208
0.000853069 2201
0.000639802 2198
0.000479851 2187
0.000359889 2185
0.000269916 2179
0.000202437 2178
0.000151828 2175
0.000113871 2173
8.54032e-05 2170
