3.5585e+06 7117
3.38058e+06 6849
3.21155e+06 6851
3.05097e+06 6977
2.89842e+06 6983
2.7535e+06 7015
2.61582e+06 6919
2.48503e+06 6689
2.36078e+06 7131
2.24274e+06 7067
2.13061e+06 6860
2.02408e+06 6880
1.92287e+06 6740
1.82673e+06 6899
1.73539e+06 6987
1.64862e+06 6795
1.56619e+06 6808
1.48788e+06 6998
1.41349e+06 6909
1.34281e+06 6871
1.27567e+06 6859
1.21189e+06 7061
1.15129e+06 6970
1.09373e+06 6982
1.03904e+06 6984
987091 6947
937736 6878
890849 7007
846307 6919
803992 6678
763792 6956
725602 6875
689322 6668
654856 6866
622113 6590
591008 6867
561457 6833
533384 6828
506715 6794
481379 6869
457311 6837
434445 6832
412723 7070
392087 6953
372482 6805
353858 6928
336165 6880
319357 6920
303389 6813
288220 6728
273809 7009
260118 6734
247112 6955
234757 6726
223019 6958
211868 7078
201275 6791
191211 6907
181650 6840
172568 6875
163939 6908
155742 7003
147955 7156
140558 6899
133530 7060
126853 7010
120511 6896
114485 6696
108761 6873
103323 6980
98156.6 6946
93248.7 6579
88586.3 7020
84157 6951
79949.1 6764
75951.7 6992
72154.1 6871
68546.4 6658
65119.1 6833
61863.1 6899
58770 6919
55831.5 6997
53039.9 6814
50387.9 6881
47868.5 6910
45475.1 6820
43201.3 6822
41041.3 6748
38989.2 6932
37039.7 6741
35187.7 7068
33428.4 6808
31756.9 6858
30169.1 6762
28660.6 6792
27227.6 6639
25866.2 6922
24572.9 6868
23344.3 7081
22177.1 7127
21068.2 6881
20014.8 6921
19014.1 7009
18063.4 6757
17160.2 6925
16302.2 7074
15487.1 7006
14712.7 7085
13977.1 6996
13278.2 6756
12614.3 6817
11983.6 7049
11384.4 6777
10815.2 7048
10274.4 6978
9760.71 6849
9272.68 6839
8809.04 7002
8368.59 6833
7950.16 6935
7552.65 7046
7175.02 6954
6816.27 7020
6475.46 6789
6151.68 6926
5844.1 6838
5551.89 7153
5274.3 6936
5010.59 6801
4760.06 6919
4522.05 7097
4295.95 6725
4081.15 7015
3877.1 6907
3683.24 7024
3499.08 6751
3324.12 6917
3157.92 6849
3000.02 6896
2850.02 6878
2707.52 6934
2572.14 7069
2443.54 6896
2321.36 6748
2205.29 6964
2095.03 6644
1990.28 7124
1890.76 7013
1796.22 6797
1706.41 6793
1621.09 6578
1540.04 6981
1463.04 6940
1389.88 7069
1320.39 6829
1254.37 6780
1191.65 6668
1132.07 6793
1075.47 6663
1021.69 6946
970.608 6844
922.077 7078
875.974 6881
832.175 6886
790.566 6834
751.038 6952
713.486 6726
677.812 6984
643.921 6877
611.725 6828
581.139 7006
552.082 6925
524.478 6832
498.254 6738
473.341 7030
449.674 6877
427.19 6809
405.831 6867
385.539 6760
366.262 6859
347.949 6937
330.552 6890
314.024 7058
298.323 6903
283.407 6972
269.237 6891
255.775 6882
242.986 6825
230.837 6997
219.295 6730
208.33 6744
197.914 6903
188.018 6911
178.617 6917
169.686 6818
161.202 6890
153.142 6970
145.485 7011
138.21 6616
131.3 6644
124.735 6620
118.498 6714
112.573 6644
106.945 6760
101.597 6701
96.5175 6561
91.6916 6842
87.107 6692
82.7517 6704
78.6141 6650
74.6834 6776
70.9492 6665
67.4018 6592
64.0317 6810
60.8301 6943
57.7886 6571
54.8992 6379
52.1542 6681
49.5465 6687
47.0692 6707
44.7157 6550
42.4799 6537
40.3559 6379
38.3381 6393
36.4212 6612
34.6002 6312
32.8702 6601
31.2266 6656
29.6653 6352
28.1821 6621
26.7729 6417
25.4343 6336
24.1626 6349
22.9545 6388
21.8067 6192
20.7164 6168
19.6806 6198
18.6965 6027
17.7617 6175
16.8736 6128
16.03 6022
15.2285 5960
14.467 5959
13.7437 5957
13.0565 5754
12.4037 5749
11.7835 5928
11.1943 5725
10.6346 5578
10.1029 5844
9.59772 5371
9.11784 5461
8.66195 5327
8.22885 5344
7.81741 5360
7.42654 5329
7.05521 5004
6.70245 5027
6.36733 4979
6.04896 4697
5.74651 4701
5.45919 4703
5.18623 4689
4.92692 4387
4.68057 4443
4.44654 4225
4.22421 4056
4.013 3793
3.81235 3792
3.62174 3708
3.44065 3595
3.26862 3488
3.10519 3294
2.94993 3374
2.80243 3257
2.66231 3167
2.52919 3115
2.40273 3043
2.2826 3027
2.16847 2976
2.06004 2824
1.95704 2830
1.85919 2766
1.76623 2738
1.67792 2689
1.59402 2675
1.51432 2708
1.43861 2653
1.36668 2613
1.29834 2545
1.23342 2517
1.17175 2453
1.11317 2408
1.05751 2402
1.00463 2363
0.9544 2338
0.90668 2312
0.861346 2268
0.818279 2230
0.777365 2226
0.738497 2205
0.701572 2193
0.666493 2165
0.633169 2159
0.60151 2139
0.571435 2104
0.542863 2090
0.51572 2086
0.489934 2075
0.465437 2058
0.442165 2047
0.420057 2035
0.399054 2024
0.379101 2018
0.360146 2013
0.342139 2005
0.325032 1995
0.30878 1987
0.293341 1980
0.278674 1969
0.264741 1965
0.251504 1955
0.238928 1953
0.226982 1950
0.215633 1951
0.204851 1947
0.194609 1944
0.184878 1941
0.175634 1936
0.166853 1935
0.15851 1930
0.150585 1927
0.143055 1922
0.135903 1917
0.129107 1914
0.122652 1912
0.116519 1909
0.110693 1908
0.105159 1905
0.0999008 1903
0.0949058 1902
0.0901605 1901
0.0856525 1899
0.0813699 1899
0.0773014 1897
0.0734363 1897
0.0697645 1896
0.0662763 1895
0.0629624 1895
0.0598143 1889
0.0568236 1889
0.0539824 1889
0.0512833 1888
0.0487191 1887
0.0462832 1885
0.043969 1885
0.0417706 1885
0.039682 1884
0.0376979 1883
0.035813 1883
0.0340224 1882
0.0323213 1879
0.0307052 1879
0.02917 1879
0.0277115 1877
0.0263259 1877
0.0250096 1876
0.0237591 1876
0.0225712 1876
0.0214426 1875
0.0203705 1874
0.0193519 1873
0.0183843 1873
0.0174651 1872
0.0165919 1872
0.0157623 1871
0.0149742 1871
0.0142255 1871
0.0135142 1871
0.0128385 1871
0.0121965 1868
0.0115867 1867
0.0110074 1865
0.010457 1865
0.00993417 1862
0.00943746 1861
0.00896558 1861
0.00851731 1860
0.00809144 1860
0.00768687 1859
0.00730252 1858
0.0069374 1858
0.00659053 1858
0.006261 1857
0.00594795 1857
0.00565055 1857
0.00536803 1857
0.00509963 1857
0.00484464 1857
0.00460241 1857
0.00437229 1857
0.00415368 1857
0.00394599 1857
0.00374869 1857
0.00356126 1857
0.0033832 1857
0.00321404 1857
0.00305333 1857
0.00290067 1857
0.00275563 1856
0.00261785 1856
0.00248696 1856
0.00236261 1856
0.00224448 1856
0.00213226 1856
0.00202564 1856
0.00192436 1856
0.00182814 1855
0.00173674 1855
0.0016499 1855
0.0015674 1855
0.00148903 1855
0.00141458 1855
0.00134385 1855
0.00127666 1854
0.00121283 1854
0.00115219 1854
0.00109458 1853
0.00103985 1853
0.000987856 1853
0.000938463 1852
0.00089154 1852
0.000846963 1852
0.000804615 1852
0.000764384 1852
0.000726165 1852
0.000689857 1852
0.000655364 1852
0.000622596 1852
0.000591466 1852
0.000561893 1852
0.000533798 1852
0.000507108 1852
0.000481753 1851
0.000457665 1851
0.000434782 1851
0.000413043 1851
0.000392391 1851
0.000372771 1851
0.000354132 1851
0.000336426 1851
0.000319605 1851
0.000303624 1851
0.000288443 1851
0.000274021 1851
0.00026032 1851
0.000247304 1851
0.000234939 1851
0.000223192 1851
0.000212032 1851
0.000201431 1851
0.000191359 1851
0.000181791 1851
0.000172702 1849
0.000164066 1849
0.000155863 1848
0.00014807 1848
0.000140666 1848
0.000133633 1848
0.000126952 1848
0.000120604 1848
0.000114574 1848
0.000108845 1847
0.000103403 1847
