3.5585e+06 7117
3.20265e+06 6849
2.88238e+06 6851
2.59415e+06 6977
2.33473e+06 6983
2.10126e+06 7015
1.89113e+06 6919
1.70202e+06 6689
1.53182e+06 7131
1.37864e+06 7067
1.24077e+06 6860
1.1167e+06 6880
1.00503e+06 6740
904523 6899
814071 6987
732664 6795
659397 6808
593458 6998
534112 6909
480701 6871
432631 6859
389367 7061
350431 6970
315388 6982
283849 6984
255464 6947
229918 6878
206926 7007
186233 6919
167610 6678
150849 6973
135764 6962
122188 6710
109969 6685
98972 6779
89074.8 7039
80167.3 6987
72150.6 6868
64935.5 6863
58442 6708
52597.8 6891
47338 6757
42604.2 7166
38343.8 6929
34509.4 6743
31058.5 6959
27952.6 6889
25157.4 6949
22641.6 6601
20377.5 6720
18339.7 6884
16505.7 6921
14855.2 6973
13369.6 6835
12032.7 6868
10829.4 6853
9746.47 6929
8771.83 6944
7894.64 6880
7105.18 6871
6394.66 6842
5755.2 6870
5179.68 6944
4661.71 6886
4195.54 6949
3775.98 6855
3398.39 6726
3058.55 7149
2752.69 6886
2477.42 7008
2229.68 6785
2006.71 6933
1806.04 6744
1625.44 6890
1462.89 7047
1316.6 6877
1184.94 6978
1066.45 6943
959.804 6777
863.824 6854
777.442 6897
699.697 7011
629.728 6871
566.755 7039
510.079 6779
459.071 6977
413.164 6823
371.848 6932
334.663 6585
301.197 6956
271.077 7092
243.969 6734
219.572 6978
197.615 6909
177.854 6884
160.068 6784
144.061 6831
129.655 6784
116.69 6951
105.021 7006
94.5187 7052
85.0669 6747
76.5602 6711
68.9042 6735
62.0137 6700
55.8124 6613
50.2311 6556
45.208 6671
40.6872 6577
36.6185 6553
32.9566 6526
29.661 6728
26.6949 6355
24.0254 6435
21.6229 6380
19.4606 6485
17.5145 6201
15.7631 6070
14.1868 5788
12.7681 5762
11.4913 5754
10.3421 5599
9.30793 5531
8.37714 5579
7.53942 5388
6.78548 5177
6.10693 5064
5.49624 4551
4.94662 4500
4.45195 4263
4.00676 4122
3.60608 3918
3.24547 3676
2.92093 3538
2.62883 3426
2.36595 3142
2.12936 3048
1.91642 2981
1.72478 2846
1.5523 2820
1.39707 2699
1.25736 2626
1.13163 2579
1.01846 2510
0.916618 2444
0.824956 2380
0.74246 2349
0.668214 2316
0.601393 2280
0.541254 2261
0.487128 2242
0.438415 2211
0.394574 2194
0.355117 2174
0.319605 2156
0.287644 2140
0.25888 2119
0.232992 2108
0.209693 2100
0.188723 2086
0.169851 2076
0.152866 2069
0.137579 2063
0.123821 2057
0.111439 2053
0.100295 2048
0.0902659 2044
0.0812393 2040
0.0731153 2036
0.0658038 2032
0.0592234 2029
0.0533011 2027
0.047971 2026
0.0431739 2020
0.0388565 2019
0.0349708 2013
0.0314738 2010
0.0283264 2007
0.0254937 2006
0.0229444 2005
0.0206499 2004
0.0185849 2002
0.0167264 2000
0.0150538 1996
0.0135484 1992
0.0121936 1991
0.0109742 1988
0.0098768 1985
0.00888912 1983
0.00800021 1983
0.00720019 1983
0.00648017 1983
0.00583215 1982
0.00524894 1981
0.00472404 1980
0.00425164 1978
0.00382647 1974
0.00344383 1973
0.00309944 1973
0.0027895 1971
0.00251055 1968
0.00225949 1967
0.00203355 1967
0.00183019 1967
0.00164717 1967
0.00148245 1966
0.00133421 1963
0.00120079 1961
0.00108071 1960
0.000972638 1959
0.000875375 1957
0.000787837 1956
0.000709053 1954
0.000638148 1953
0.000574333 1953
0.0005169 1952
0.00046521 1952
0.000418689 1952
0.00037682 1952
0.000339138 1951
0.000305224 1951
0.000274702 1950
0.000247232 1950
0.000222508 1950
0.000200258 1949
0.000180232 1949
0.000162209 1949
0.000145988 1948
0.000131389 1947
0.00011825 1947
0.000106425 1947
9.57826e-05 1947
