3.5585e+06 7117
2.8468e+06 6849
2.27744e+06 6851
1.82195e+06 6977
1.45756e+06 6983
1.16605e+06 7015
932839 6919
746272 6689
597017 7131
477614 7067
382091 6860
305673 6880
244538 6740
195631 6899
156504 6973
125204 6862
100163 6856
80130.3 6935
64104.2 6790
51283.4 6940
41026.7 7038
32821.4 7098
26257.1 7102
21005.7 6980
16804.5 7065
13443.6 6881
10754.9 6854
8603.93 7012
6883.14 6860
5506.51 6760
4405.21 7048
3524.17 6955
2819.33 6875
2255.47 6937
1804.37 6928
1443.5 6867
1154.8 6898
923.839 6993
739.072 7030
591.257 6836
473.006 6771
378.405 6687
302.724 6875
242.179 6889
193.743 6936
154.995 7029
123.996 6971
99.1965 6666
79.3572 6661
63.4858 6801
50.7886 6834
40.6309 6637
32.5047 6364
26.0038 6527
20.803 6445
16.6424 6250
13.3139 6109
10.6511 6118
8.52091 5753
6.81673 5411
5.45339 5017
4.36271 4412
3.49017 4128
2.79213 3687
2.23371 3378
1.78697 3146
1.42957 2899
1.14366 2788
0.914926 2692
0.731941 2585
0.585553 2497
0.468442 2415
0.374754 2361
0.299803 2322
0.239842 2259
0.191874 2222
0.153499 2202
0.122799 2177
0.0982395 2152
0.0785916 2138
0.0628733 2131
0.0502986 2117
0.0402389 2105
0.0321911 2100
0.0257529 2091
0.0206023 2086
0.0164818 2076
0.0131855 2070
0.0105484 2065
0.00843871 2062
0.00675096 2058
0.00540077 2051
0.00432062 2049
0.00345649 2046
0.00276519 2044
0.00221216 2044
0.00176972 2036
0.00141578 2036
0.00113262 2032
0.000906099 2032
0.000724879 2031
0.000579903 2025
0.000463923 2024
0.000371138 2021
0.000296911 2018
0.000237528 2017
0.000190023 2015
0.000152018 2015
0.000121615 2013
9.72916e-05 2011
