3.5585e+06 7117
3.02472e+06 6849
2.57102e+06 6851
2.18536e+06 6977
1.85756e+06 6983
1.57893e+06 7015
1.34209e+06 6919
1.14077e+06 6689
969658 7131
824209 7067
700578 6860
595491 6880
506167 6740
430242 6899
365706 6973
310850 6862
264222 6856
224589 6935
190901 6790
162266 6823
137926 7101
117237 6861
99651.4 6909
84703.7 6871
71998.1 6844
61198.4 7043
52018.6 6659
44215.8 6889
37583.5 7002
31946 6925
27154.1 6986
23080.9 6841
19618.8 6910
16676 7206
14174.6 6917
12048.4 6626
10241.1 7003
8704.97 6829
7399.22 7026
6289.34 7051
5345.94 6826
4544.05 6888
3862.44 6764
3283.07 6900
2790.61 6877
2372.02 7041
2016.22 6972
1713.79 6757
1456.72 6933
1238.21 7024
1052.48 7075
894.607 6891
760.416 6752
646.353 6985
549.4 7020
466.99 6802
396.942 6756
337.401 6937
286.79 6710
243.772 6732
207.206 6892
176.125 6776
149.706 6784
127.25 6863
108.163 6924
91.9384 6822
78.1477 6730
66.4255 6574
56.4617 6728
47.9924 6817
40.7936 6743
34.6745 6460
29.4734 6397
25.0524 6084
21.2945 6457
18.1003 6367
15.3853 6091
13.0775 6019
11.1159 5829
9.44848 5729
8.03121 5658
6.82653 5329
5.80255 4905
4.93217 4618
4.19234 4183
3.56349 4120
3.02897 3862
2.57462 3553
2.18843 3445
1.86016 3273
1.58114 3039
1.34397 2874
1.14237 2782
0.971018 2673
0.825365 2582
0.70156 2529
0.596326 2463
0.506877 2420
0.430846 2383
0.366219 2350
0.311286 2308
0.264593 2274
0.224904 2254
0.191168 2220
0.162493 2205
0.138119 2184
0.117401 2173
0.0997911 2164
0.0848225 2154
0.0720991 2145
0.0612842 2140
0.0520916 2130
0.0442779 2129
0.0376362 2125
0.0319908 2119
0.0271921 2115
0.0231133 2111
0.0196463 2108
0.0166994 2104
0.0141945 2102
0.0120653 2095
0.0102555 2089
0.00871718 2085
0.0074096 2082
0.00629816 2076
0.00535344 2074
0.00455042 2073
0.00386786 2072
0.00328768 2071
0.00279453 2069
0.00237535 2068
0.00201905 2068
0.00171619 2068
0.00145876 2068
0.00123995 2068
0.00105395 2068
0.000895861 2067
0.000761482 2064
0.00064726 2062
0.000550171 2058
0.000467645 2057
0.000397499 2055
0.000337874 2052
0.000287193 2051
0.000244114 2050
0.000207497 2049
0.000176372 2048
0.000149916 2048
0.000127429 2046
0.000108315 2045
9.20674e-05 2044
