1.9215e+06 3843
1.82542e+06 3893
1.73415e+06 3848
1.64745e+06 3970
1.56507e+06 3998
1.48682e+06 3789
1.41248e+06 3988
1.34186e+06 3866
1.27476e+06 3981
1.21102e+06 3801
1.15047e+06 3861
1.09295e+06 4010
1.0383e+06 3952
986387 4013
937067 4002
890214 4046
845703 3891
803418 3918
763247 4103
725085 3949
688831 3831
654389 3811
621670 4008
590586 3810
561057 3959
533004 4075
506354 3867
481036 3832
456984 4054
434135 3882
412428 4034
391807 3903
372217 3770
353606 3926
335925 3929
319129 3933
303173 4012
288014 4077
273613 3880
259933 3892
246936 3959
234589 3900
222860 4001
211717 3877
201131 3899
191074 3998
181521 4008
172445 3928
163822 3843
155631 4102
147850 3887
140457 3878
133434 3969
126763 3971
120425 3887
114403 3926
108683 3848
103249 4001
98086.6 3740
93182.2 3893
88523.1 3987
84097 4026
79892.1 3804
75897.5 3829
72102.6 3929
68497.5 4012
65072.6 3735
61819 3913
58728 3965
55791.6 4047
53002.1 4075
50352 3818
47834.4 3894
45442.6 3960
43170.5 3805
41012 4006
38961.4 4016
37013.3 3880
35162.7 3806
33404.5 3916
31734.3 3923
30147.6 3768
28640.2 3848
27208.2 3753
25847.8 3995
24555.4 4083
23327.6 3927
22161.2 3937
21053.2 3905
20000.5 3998
19000.5 4027
18050.5 3880
17147.9 3965
16290.5 4005
15476 3914
14702.2 3870
13967.1 3846
13268.8 3801
12605.3 4004
11975 4047
11376.3 3899
10807.5 3831
10267.1 3773
9753.75 3842
9266.06 3847
8802.76 3921
8362.62 3984
7944.49 3897
7547.27 3961
7169.9 3916
6811.41 3975
6470.84 4173
6147.3 3834
5839.93 3969
5547.94 3856
5270.54 3782
5007.01 4056
4756.66 4010
4518.83 4008
4292.89 3902
4078.24 3872
3874.33 4045
3680.61 3872
3496.58 3781
3321.75 3868
3155.67 3964
2997.88 3847
2847.99 3992
2705.59 3887
2570.31 3925
2441.79 3972
2319.7 3771
2203.72 3898
2093.53 3957
1988.86 3914
1889.41 3888
1794.94 3794
1705.2 3907
1619.94 3869
1538.94 3847
1461.99 3926
1388.89 3781
1319.45 4039
1253.48 3851
1190.8 3817
1131.26 3907
1074.7 3994
1020.96 3849
969.916 3901
921.42 3893
875.349 3817
831.581 3924
790.002 3917
750.502 3867
712.977 3932
677.328 3977
643.462 3843
611.289 4072
580.724 3902
551.688 3882
524.104 3950
497.899 3791
473.004 3888
449.353 4015
426.886 3930
405.541 3837
385.264 3810
366.001 4005
347.701 3920
330.316 3922
313.8 3841
298.11 3966
283.205 3981
269.044 3898
255.592 3837
242.813 3971
230.672 3826
219.138 3845
208.181 3806
197.772 3966
187.884 4058
178.49 3807
169.565 3914
161.087 3902
153.033 3906
145.381 3972
138.112 3797
131.206 3895
124.646 3916
118.414 3839
112.493 3926
106.868 3769
101.525 3756
96.4487 3885
91.6262 3773
87.0449 3724
82.6927 3761
78.558 3650
74.6301 3962
70.8986 3674
67.3537 3855
63.986 3826
60.7867 3759
57.7474 3895
54.86 3740
52.117 3876
49.5112 3721
47.0356 3633
44.6838 3791
42.4496 3827
40.3271 3540
38.3108 3680
36.3953 3734
34.5755 3696
32.8467 3656
31.2044 3714
29.6442 3668
28.162 3466
26.7539 3593
25.4162 3686
24.1454 3751
22.9381 3640
21.7912 3519
20.7016 3692
19.6665 3448
18.6832 3540
17.7491 3515
16.8616 3571
16.0185 3634
15.2176 3436
14.4567 3430
13.7339 3495
13.0472 3382
12.3948 3367
11.7751 3491
11.1863 3337
10.627 3259
10.0957 3250
9.59088 3075
9.11134 3106
8.65577 3042
8.22298 3136
7.81183 3093
7.42124 2928
7.05018 3027
6.69767 3083
6.36279 2931
6.04465 2847
5.74241 2878
5.45529 2691
5.18253 2740
4.9234 2695
4.67723 2405
4.44337 2471
4.2212 2398
4.01014 2336
3.80963 2218
3.61915 2140
3.4382 2117
3.26629 2077
3.10297 2215
2.94782 2056
2.80043 2003
2.66041 1883
2.52739 1936
2.40102 1904
2.28097 1823
2.16692 1836
2.05857 1721
1.95565 1647
1.85786 1638
1.76497 1643
1.67672 1600
1.59289 1602
1.51324 1533
1.43758 1524
1.3657 1514
1.29742 1478
1.23254 1429
1.17092 1439
1.11237 1395
1.05675 1364
1.00392 1340
0.95372 1343
0.906034 1325
0.860732 1283
0.817695 1280
0.776811 1284
0.73797 1247
0.701072 1224
0.666018 1210
0.632717 1203
0.601081 1177
0.571027 1176
0.542476 1171
0.515352 1154
0.489584 1141
0.465105 1137
0.44185 1140
0.419757 1127
0.39877 1116
0.378831 1110
0.35989 1105
0.341895 1094
0.3248 1091
0.30856 1089
0.293132 1085
0.278476 1084
0.264552 1083
0.251324 1078
0.238758 1075
0.22682 1073
0.215479 1074
0.204705 1074
0.19447 1074
0.184746 1072
0.175509 1072
0.166734 1069
0.158397 1068
0.150477 1065
0.142953 1062
0.135806 1061
0.129015 1059
0.122565 1057
0.116436 1057
0.110615 1057
0.105084 1056
0.0998296 1051
0.0948381 1050
0.0900962 1048
0.0855914 1048
0.0813118 1048
0.0772462 1048
0.0733839 1045
0.0697147 1045
0.066229 1045
0.0629175 1045
0.0597717 1045
0.0567831 1044
0.0539439 1044
0.0512467 1044
0.0486844 1043
0.0462502 1040
0.0439377 1040
0.0417408 1040
0.0396537 1039
0.0376711 1039
0.0357875 1039
0.0339981 1039
0.0322982 1039
0.0306833 1039
0.0291491 1039
0.0276917 1039
0.0263071 1038
0.0249917 1038
0.0237422 1038
0.0225551 1038
0.0214273 1038
0.0203559 1038
0.0193381 1038
0.0183712 1038
0.0174527 1038
0.01658 1038
0.015751 1038
0.0149635 1038
0.0142153 1037
0.0135045 1037
0.0128293 1037
0.0121879 1037
0.0115785 1037
0.0109995 1037
0.0104496 1037
0.00992708 1037
0.00943073 1037
0.00895919 1036
0.00851123 1036
0.00808567 1036
0.00768139 1036
0.00729732 1036
0.00693245 1036
0.00658583 1036
0.00625654 1036
0.00594371 1036
0.00564652 1036
0.0053642 1036
0.00509599 1036
0.00484119 1035
0.00459913 1035
0.00436917 1035
0.00415071 1035
0.00394318 1034
0.00374602 1034
0.00355872 1034
0.00338078 1034
0.00321174 1034
0.00305116 1034
0.0028986 1034
0.00275367 1033
0.00261599 1033
0.00248519 1033
0.00236093 1033
0.00224288 1033
0.00213074 1033
0.0020242 1033
0.00192299 1033
0.00182684 1033
0.0017355 1033
0.00164872 1033
0.00156629 1033
0.00148797 1033
0.00141357 1033
0.0013429 1033
0.00127575 1033
0.00121196 1033
0.00115136 1032
0.0010938 1032
0.00103911 1032
0.000987151 1032
0.000937794 1032
0.000890904 1032
0.000846359 1032
0.000804041 1032
0.000763839 1032
0.000725647 1032
0.000689365 1032
0.000654896 1032
0.000622152 1032
0.000591044 1032
0.000561492 1032
0.000533417 1032
0.000506746 1032
0.000481409 1032
0.000457339 1032
0.000434472 1032
0.000412748 1032
0.000392111 1032
0.000372505 1031
0.00035388 1031
0.000336186 1031
0.000319377 1031
0.000303408 1031
0.000288237 1031
0.000273826 1031
0.000260134 1031
0.000247128 1031
0.000234771 1031
0.000223033 1031
0.000211881 1031
0.000201287 1031
0.000191223 1031
0.000181661 1031
0.000172578 1031
0.000163949 1031
0.000155752 1031
0.000147964 1031
0.000140566 1031
0.000133538 1031
0.000126861 1031
0.000120518 1031
0.000114492 1031
0.000108767 1031
0.000103329 1031
9.81626e-05 1031
9.32545e-05 1031
8.85917e-05 1031
8.41622e-05 1031
7.9954e-05 1031
